10 57400
10 67500
10 67700
10 73100
20 147500
20 159100
20 164500
20 218500
40 627600
40 873500
40 1049000
40 1180600
80 2028400
80 2625700
80 2681600
80 2915600
100 3181000
100 3580300
100 5443400
100 5969600
200 13650200
200 22254800
200 23362500
200 53801000
400 49103600
400 53914500
400 64298700
400 76067100
800 175729900
800 192820200
800 227401400
800 231357000
1000 274804000
1000 281717000
1000 309225700
1000 344536200
2000 1010170100
2000 1258307000
2000 1698233000
2000 1847364900
4000 4436053000
4000 5367858400
4000 7195264600
4000 8431494800
8000 17636265300
8000 19352986400
8000 21684315700
8000 23460017300
10000 33874352600
10000 35317255500
10000 39750045700
10000 46120617700
20000 178664701200
20000 180565205200
20000 188494193500
20000 191470755100
40000 610688580000
40000 634440069700
40000 641447148000
40000 762544720500
80000 2502841562220
80000 2694526828500
80000 2752337104100
80000 2807344424400
100000 4249558040900
100000 4278089144000
100000 4368828853700
100000 4457202935600