10 9
10 11
10 13
10 10
20 24
20 24
20 28
20 26
40 56
40 50
40 50
40 52
80 108
80 99
80 104
80 114
100 136
100 129
100 137
100 132
200 267
200 269
200 269
200 267
400 540
400 518
400 538
400 526
800 1063
800 1058
800 1076
800 1049
1000 1300
1000 1313
1000 1328
1000 1344
2000 2699
2000 2654
2000 2652
2000 2677
4000 5360
4000 5315
4000 5340
4000 5368
8000 10705
8000 10670
8000 10662
8000 10757
10000 13301
10000 13340
10000 13287
10000 13311
20000 26667
20000 26826
20000 26673
20000 26670
40000 53415
40000 53446
40000 53242
40000 53319
80000 106914
80000 106633
80000 106586
80000 106554
100000 133395
100000 133214
100000 133524
100000 133463